27.129167 27.519792 56
27.550000 27.807292 61
28.000000 28.500000 65
29.139583 29.535417 68
29.559375 30.015625 65
30.450000 30.829167 63
30.829167 31.250033 61
31.250033 31.628158 61
31.650000 32.000000 61
32.037500 32.426107 61
32.500000 32.850065 58
32.888542 33.311458 56
33.759375 34.143750 56
34.169792 34.463542 61
34.650000 35.359375 65
35.829167 36.127083 68
36.269792 36.671875 68
36.700000 36.927083 68
37.089583 37.375000 70
37.539583 37.919792 68
37.931250 38.353125 68
38.400000 38.750033 65
38.806250 39.131315 63
39.175000 39.587598 61
39.629167 40.031250 63
40.489583 40.863542 70
40.879167 41.311458 68
41.319792 42.079167 65
42.500000 42.911491 68
42.943750 43.350000 68
43.350000 43.807292 68
43.809375 44.063542 70
44.219792 44.607292 68
44.637500 44.904167 65
45.059375 45.439583 63
45.464583 45.759375 61
45.850000 46.183366 63
46.309375 46.719792 58
47.109375 47.551042 56
47.559375 47.807292 58
47.989583 48.703125 61
49.250000 49.615658 65
49.650000 50.367708 63
50.425000 51.176042 65
51.300000 52.383333 61
53.769792 54.047917 56
54.189583 54.335417 61
54.589583 55.423958 65
55.879167 56.223958 68
56.250000 56.639583 65
57.118783 57.500000 63
57.500000 57.929167 61
57.929167 58.367708 61
58.379167 58.750000 61
58.750000 59.126042 61
59.206250 59.573991 58
59.589583 60.000000 56
60.409375 60.800000 56
60.809375 61.215625 61
61.239583 62.079167 65
62.500033 62.879199 68
62.909375 63.327083 68
63.339583 63.551042 68
63.769792 64.127083 70
64.159375 64.543750 68
64.562500 64.921875 68
65.000000 65.359375 65
65.400033 65.809408 63
65.825000 66.200000 61
66.250000 66.591667 63
67.079167 67.455208 70
67.459375 67.903125 68
67.929167 68.735417 65
69.112500 69.531348 68
69.575000 70.000000 68
70.000000 70.418783 68
70.450000 70.800065 70
70.850033 71.250000 68
71.250000 71.556283 65
71.709375 72.095833 63
72.100000 72.415625 61
72.500000 72.898991 63
72.929167 73.375000 58
73.837500 74.207292 56
74.239583 74.495833 58
74.679167 75.359375 61
75.750000 76.185417 65
76.250000 76.886458 63
77.037500 77.694792 65
77.850000 78.750033 61
80.429167 80.767708 65
80.789583 81.247917 68
81.269792 82.463542 73
82.469792 82.911458 73
82.919792 83.423958 72
83.750000 84.191667 70
84.200000 84.575000 68
84.589583 84.863542 70
85.029167 85.407292 73
85.456250 85.806283 65
85.828125 86.239616 63
86.269792 86.687500 61
87.187500 87.568750 61
87.568750 87.913542 61
87.929167 88.383333 61
88.389583 89.215625 73
89.219792 89.600000 70
89.609375 89.887500 68
90.000000 90.389616 65
90.419792 90.815625 63
90.850000 91.183398 61
91.250000 92.107292 63
93.729167 94.111458 65
94.119792 94.559375 68
94.579167 95.775000 73
95.779167 96.095833 73
96.259375 96.735417 72
97.089583 97.375000 70
97.529167 97.919792 68
97.919792 98.367708 70
98.393750 98.693815 73
98.750000 99.093750 65
99.129167 99.583333 63
99.600000 100.000000 61
100.429167 100.863542 61
100.869792 101.247917 61
101.269792 101.663542 61
101.689583 102.527083 73
102.543750 102.860417 70
102.933333 103.359375 68
103.359375 103.743750 65
103.750000 104.159375 63
104.179167 104.575000 61
104.589583 105.407292 61
133.750000 134.111458 56
134.119792 134.400000 61
134.589583 135.391667 65
135.829199 136.255241 68
136.259375 136.671875 65
137.125000 137.452116 63
137.500000 137.930208 61
137.950000 138.320866 61
138.350000 138.750000 61
138.750000 139.126042 61
139.187500 139.500000 58
139.579167 139.967708 56
140.350000 140.767708 56
140.779167 141.183333 61
141.209375 141.951042 65
142.489583 142.847917 68
142.850000 143.295833 68
143.319792 143.551042 68
143.750000 144.117708 70
144.139583 144.575000 68
144.612500 145.000000 68
145.019792 145.407292 65
145.456250 145.812500 63
145.825000 146.213574 61
146.239583 146.687500 63
147.079167 147.487500 70
147.489583 147.903125 68
147.919792 148.671875 65
149.100000 149.556315 68
149.562500 149.950000 68
149.950000 150.401074 68
150.431283 150.857357 70
150.904167 151.231250 68
151.293750 151.605241 65
151.656250 152.000000 63
152.068750 152.383333 61
152.450000 152.818783 63
152.909375 153.311458 58
153.819792 154.175000 56
154.179167 154.500000 58
154.601042 155.359408 61
155.850000 156.229167 65
156.229167 156.927083 63
157.000000 157.787500 65
157.909375 158.911491 61
160.409375 160.750000 65
160.793750 161.150000 68
161.229167 162.431250 73
162.439583 162.879167 73
162.900000 163.500000 72
163.769792 164.191667 70
164.200000 164.575000 68
164.600000 164.863542 70
165.000000 165.350000 73
165.443750 165.812500 65
165.819792 166.271875 63
166.289583 166.687500 61
167.144824 167.487533 61
167.489583 167.935417 61
167.939583 168.383333 61
168.389583 169.151042 73
169.159375 169.600000 70
169.619792 169.887500 68
170.000000 170.439583 65
170.439583 170.847917 63
170.862500 171.289583 61
171.289583 172.500033 63
173.750000 174.079167 65
174.100000 174.559375 68
174.569792 175.787500 73
175.793750 176.250000 73
176.250000 176.800033 72
177.079167 177.375000 70
177.500000 177.919824 68
177.939583 178.362565 70
178.368750 178.741667 73
178.750000 179.142741 65
179.182324 179.615658 63
179.639583 180.112533 61
180.439583 180.831250 61
180.850000 181.247917 61
181.259375 181.663542 61
181.679167 182.495833 73
182.500000 182.869792 70
182.869792 183.327083 68
183.350000 183.743750 65
183.750000 184.159375 63
184.169792 184.575000 61
184.589583 185.439583 61
187.069792 187.359375 65
187.550000 187.935417 68
187.950000 189.131250 73
189.131250 189.567708 73
189.579167 190.079167 72
190.418750 190.869792 70
190.869792 191.263542 68
191.279167 191.647917 70
191.650000 192.064583 73
192.118750 192.500000 65
192.546875 192.888607 63
192.931283 193.316732 61
193.739583 194.105208 61
194.118750 194.568750 61
194.568750 195.046908 61
195.051042 196.063542 73
196.137500 196.587565 70
196.625000 197.000000 68
197.150000 197.600000 65
197.739583 198.495833 63
200.059375 200.255208 61
200.539583 201.630273 61
